%YAML:1.0
calibration_time: "Wed 06 Aug 2014 07:00:32 PM PET"
nframes: 25
image_width: 640
image_height: 480
board_width: 7
board_height: 7
square_size: 45.
flags: 0
camera_matrix: !!opencv-matrix
   rows: 3
   cols: 3
   dt: d
   data: [ 8.0266418777686476e+02, 0., 3.1235255135114875e+02, 0.,
       7.9958405540986382e+02, 2.1625474824520975e+02, 0., 0., 1. ]
distortion_coefficients: !!opencv-matrix
   rows: 5
   cols: 1
   dt: d
   data: [ 3.5411639065601935e-02, -1.0196662322832268e+00,
       -1.4228922948801853e-02, -7.7597476009239868e-03,
       4.3017772849960165e+00 ]
avg_reprojection_error: 5.2588006742311444e-01
per_view_reprojection_errors: !!opencv-matrix
   rows: 25
   cols: 1
   dt: f
   data: [ 4.80415493e-01, 5.31622827e-01, 5.10695100e-01,
       8.01647723e-01, 4.59598392e-01, 4.71205801e-01, 5.44959009e-01,
       5.52574754e-01, 5.00895858e-01, 4.65789884e-01, 4.98545974e-01,
       4.52473938e-01, 4.08431321e-01, 5.34653664e-01, 5.44811130e-01,
       5.67087412e-01, 4.57886428e-01, 4.24212337e-01, 5.48728883e-01,
       5.77268183e-01, 5.91175735e-01, 5.40410995e-01, 4.65720266e-01,
       5.50396383e-01, 5.32684684e-01 ]
# a set of 6-tuples (rotation vector + translation vector) for each view
extrinsic_parameters: !!opencv-matrix
   rows: 25
   cols: 6
   dt: d
   data: [ -1.1711724484410475e-01, -1.7550987877145868e-01,
       4.6583915539313564e-01, -1.0982098844975870e+02,
       -1.4500567459738795e+02, 8.2074824636379117e+02,
       -2.3751136399959094e-01, 1.0424122294102155e-01,
       5.2395411616790766e-01, -6.9545099117125147e+01,
       -1.2494399329324385e+02, 8.4026275463786089e+02,
       2.6261506435084242e-01, -4.3446492800851033e-01,
       1.0923932479303518e-01, -1.4769256548355207e+02,
       -1.2125777482916114e+02, 6.7436433304503782e+02,
       -2.0946364170706433e-01, -1.2518417312440253e-01,
       2.2548823565809095e-01, -1.5567166033985407e+02,
       -1.8308946566779190e+02, 8.3644009387673486e+02,
       -2.8119428281100095e-01, -4.8241850749429294e-01,
       -2.0900996136870653e-01, -2.2503594157646492e+02,
       -1.3190690943794999e+02, 8.2151310375994615e+02,
       -5.1444365287587457e-01, -2.3296407295151877e-01,
       1.2840983727368820e+00, 6.8310733920305982e+00,
       -1.6482353818125378e+02, 9.1841057133761160e+02,
       1.8987819991533383e-01, -9.9995229067730368e-02,
       3.6770254920316897e-01, -9.6832227609102745e+01,
       -1.3158325529862634e+02, 7.4050463773827664e+02,
       6.3994001408212131e-01, 2.6078525232852362e-01,
       7.4099114333561822e-01, -3.7626758136097966e+00,
       -7.2493328588755944e+01, 6.5695158614932222e+02,
       -4.0948117259271615e-03, -1.4327943248557773e-01,
       5.5595580545699408e-01, -1.8558859244357482e+01,
       -1.4964627122727705e+02, 7.8287092801877191e+02,
       4.8199754264218714e-01, -6.1596037538052295e-01,
       2.3467436100147315e-01, -7.5184993242535455e+01,
       -1.3114706529660549e+02, 6.3092891001364251e+02,
       -5.6381415862246820e-02, -3.8629527917752798e-01,
       2.5412703026879341e-01, -1.1536322505737721e+02,
       -2.0162110612050341e+02, 7.7081370548401344e+02,
       1.7096587279748165e-01, -5.4672609808591821e-01,
       2.1093780839653892e-01, -1.0998770489722280e+02,
       -1.0001673861119606e+02, 7.0275103087872867e+02,
       -1.5812900582976527e-01, -1.0934285200801017e+00,
       1.5631261772894076e+00, 1.0808669144526435e+02,
       -4.5166583336950822e+01, 8.0823720420815448e+02,
       7.8047931847539109e-01, 1.0628220661000784e-01,
       6.3890230298857942e-01, -8.0207512386541708e+01,
       -6.7962975001951591e+01, 6.0136474317724253e+02,
       9.8391431611563618e-01, 9.5389046777521497e-02,
       6.8424371428419872e-01, -9.6257589223280021e+01,
       -4.0608730520126144e+01, 5.6375535382837313e+02,
       9.5297066535935382e-01, 1.1000781370715385e-01,
       7.0141465158106020e-01, -9.2282112187017376e+01,
       -4.8539561028327263e+01, 5.6947764535634792e+02,
       -2.7847072019229024e-01, -2.2266489013058705e-01,
       6.3688503194869617e-01, -3.1271994359797546e+01,
       -1.4039581396299866e+02, 8.8741001474417806e+02,
       4.0851220580831121e-01, -7.2418438646668615e-01,
       2.1788195386654058e-01, -6.7486789013170508e+01,
       -9.6312952107177864e+01, 6.7315577525635297e+02,
       -1.3748390488104431e-01, -2.6781919496744622e-01,
       6.5158152196108043e-02, -1.8630029711837219e+02,
       -1.7975695988361713e+02, 8.0923246517931739e+02,
       7.8064176653502404e-02, 2.2612271146703167e-01,
       4.0346030448820669e-01, -1.1877859204962159e+02,
       -1.7351961987968832e+02, 8.0223052935104738e+02,
       2.0127702156148200e-01, 2.5261138770700026e-01,
       5.0626003025660227e-01, -1.1046202726009400e+02,
       -1.7522465679000862e+02, 7.7589251576331969e+02,
       5.0071667315871848e-01, 2.6373945143608779e-01,
       6.3318464315158129e-01, -1.0589953688602468e+02,
       -1.3864457459608712e+02, 6.8656020362662059e+02,
       -4.7209814074285400e-01, -2.9695478899569278e-01,
       1.3673187887646751e-01, -1.8332544462955607e+02,
       -2.0790125410810242e+02, 9.3126962749078052e+02,
       1.7933283991910920e-01, -6.9944379168863424e-01,
       1.3963602498357832e+00, 3.9284275946272466e+01,
       -1.8315245685156205e+02, 7.3650432270534316e+02,
       3.4755296552587550e-01, -3.2322364122902825e-01,
       2.0639061178305072e-02, -1.7853661376538119e+02,
       -7.4607852720613721e+01, 6.7905154061621511e+02 ]
